0
1.27
2.54
7.18
11.82
25.81
35.86
42.53
55.24
64.94
89.99
103.9
111.79
122.33
128.2
140.75
146.8
150.21
154.04
155.83
160.58
162.81
164.63
166.99
168.06
170.4
171.57
172.21
174.05
175.46
176.58
178.02
180.3
180.92
181.59
183.3
184.33
185.48
187.71
187.8
188.6
189.27
189.97
190.71
190.74
191.15
191.89
192.24
193.35
194.24
194.76
195.03
195.59
195.75
195.66
196.2
196.14
196.32
197.78
198.54
198.97
199.64
199.53
198.99
198.78
197.78
197.64
197.92
199.43
199.92
199.91
196.66
192.85
189.38
179.72
173.18
168.63
156.88
149.72
144.99
137.61
125.02
119.76
112.27
100.17
95.47
88.21
83.17
72.09
65.74
61.96
52.01
46.5
43.01
34.04
28.75
24.85
16.16
11.46
8.6
5.69
4.23
5.59
7.58
12.42
13.78
15.37
17.46
17.86
18.25
18.38
18.17
17.75
17.34
15.6
14.42
13.44
10.98
9.53
8.49
6.11
4.77
3.92
2.06
1.44
1.24
1.64
2.18
2.64
3.81
4.57
5.11
5.64
5.81
5.69
5.54
5.41
5.25
4.79
4.45
4.24
3.79
3.5
3.33
2.86
2.61
2.46
2.15
1.98
1.87
1.57
1.4
1.3
1.07
0.96
0.9
0.83
0.76
0.74
0.72
0.72
0.73
0.73
0.74
0.74
0.74
0.73
0.72
0.71
0.71
0.7
0.69
0.68
0.67
0.66
0.65
0.64
0.63
0.62
0.61
0.6
0.6
0.58
0.57
0.57
0.56
0.54
0.54
0.53
0.52
0.52
0.52
0.51
0.5
0.5
0.5
0.49
0.49
0.49
0.48
0.48
